##### 1 (9 entries, [1, 4, 10])
##### 2 (21 entries, [1, 4, 10, 22])
##### 3 (39 entries, [1, 4, 10, 22, 40])
##### 4 (69 entries, [1, 4, 10, 22, 40, 70])
##### 5 (111 entries, [1, 4, 10, 22, 40, 70, 112])
##### 6 (171 entries, [1, 4, 10, 22, 40, 70, 112, 172])
##### 7 (249 entries, [1, 4, 10, 22, 40, 70, 112, 172, 250])
##### 8 (354 entries, [1, 4, 10, 22, 40, 70, 112, 166, 244, 355])
##### 9 (490 entries, [1, 4, 10, 22, 40, 70, 112, 166, 232, 340, 491])
##### 10 (676 entries, [1, 4, 10, 22, 40, 70, 112, 166, 232, 310, 454, 677])
##### 11 (907 entries, [1, 4, 10, 22, 40, 70, 112, 166, 232, 310, 406, 610, 908])
##### 12 (1192 entries, [1, 4, 10, 22, 40, 70, 112, 166, 232, 310, 406, 514, 778, 1193])
##### 13 (1544 entries, [1, 4, 10, 22, 40, 70, 112, 166, 232, 310, 400, 502, 619, 970, 1545])
##### 14 (1990 entries, [1, 4, 10, 22, 40, 70, 112, 166, 232, 310, 388, 478, 588, 714, 1192, 1991])
##### 15 (2520 entries, [1, 4, 10, 22, 40, 70, 112, 166, 232, 298, 376, 462, 546, 671, 818, 1456, 2521])
##### 16 (3179 entries, [1, 4, 10, 22, 40, 70, 112, 166, 220, 286, 352, 430, 531, 621, 750, 906, 1732, 3180])
##### 17 (4003 entries, [1, 4, 10, 22, 40, 70, 112, 160, 208, 262, 321, 393, 477, 578, 662, 779, 938, 2044, 4004])
##### 18 (5011 entries, [1, 4, 10, 22, 40, 70, 112, 160, 184, 220, 281, 345, 409, 487, 590, 644, 752, 935, 2410, 5012])
##### 19 (6263 entries, [1, 4, 10, 22, 40, 70, 112, 148, 172, 190, 214, 267, 331, 378, 438, 537, 568, 668, 878, 2812, 6264])
##### 20 (7872 entries, [1, 4, 10, 22, 40, 70, 112, 148, 160, 160, 172, 189, 208, 243, 294, 336, 414, 420, 516, 726, 3244, 7873])
##### 21 (9964 entries, [1, 4, 10, 22, 40, 70, 112, 148, 160, 160, 160, 160, 160, 169, 169, 188, 212, 254, 254, 357, 582, 3886, 9965])
##### 22 (12839 entries, [1, 4, 10, 22, 40, 70, 112, 148, 160, 160, 160, 160, 160, 160, 160, 160, 160, 166, 186, 186, 295, 553, 4828, 12840])
